time	time	departures_all	arrivals_all	stuck_all	en-route_all	departures_car	arrivals_car	stuck_car	en-route_car
00:00:00	0	95	14	0	81	95	14	0	81
00:05:00	300	29	54	0	56	29	54	0	56
00:10:00	600	49	24	0	81	49	24	0	81
00:15:00	900	34	20	0	95	34	20	0	95
00:20:00	1200	37	52	0	80	37	52	0	80
00:25:00	1500	7	25	0	62	7	25	0	62
00:30:00	1800	78	36	0	104	78	36	0	104
00:35:00	2100	9	30	0	83	9	30	0	83
00:40:00	2400	30	44	0	69	30	44	0	69
00:45:00	2700	53	14	0	108	53	14	0	108
00:50:00	3000	27	13	0	122	27	13	0	122
00:55:00	3300	24	69	0	77	24	69	0	77
01:00:00	3600	37	60	0	54	37	60	0	54
01:05:00	3900	14	14	0	54	14	14	0	54
01:10:00	4200	37	16	0	75	37	16	0	75
01:15:00	4500	3	21	0	57	3	21	0	57
01:20:00	4800	6	36	0	27	6	36	0	27
01:25:00	5100	9	9	0	27	9	9	0	27
01:30:00	5400	15	12	0	30	15	12	0	30
01:35:00	5700	5	14	0	21	5	14	0	21
01:40:00	6000	0	2	0	19	0	2	0	19
01:45:00	6300	5	3	0	21	5	3	0	21
01:50:00	6600	0	10	0	11	0	10	0	11
01:55:00	6900	3	3	0	11	3	3	0	11
02:00:00	7200	35	5	0	41	35	5	0	41
02:05:00	7500	5	15	0	31	5	15	0	31
02:10:00	7800	24	15	0	40	24	15	0	40
02:15:00	8100	3	0	0	43	3	0	0	43
02:20:00	8400	3	21	0	25	3	21	0	25
02:25:00	8700	30	0	0	55	30	0	0	55
02:30:00	9000	41	38	0	58	41	38	0	58
02:35:00	9300	0	16	0	42	0	16	0	42
02:40:00	9600	7	14	0	35	7	14	0	35
02:45:00	9900	3	9	0	29	3	9	0	29
02:50:00	10200	18	14	0	33	18	14	0	33
02:55:00	10500	39	26	0	46	39	26	0	46
03:00:00	10800	51	9	0	88	51	9	0	88
03:05:00	11100	10	15	0	83	10	15	0	83
03:10:00	11400	53	16	0	120	53	16	0	120
03:15:00	11700	16	33	0	103	16	33	0	103
03:20:00	12000	29	30	0	102	29	30	0	102
03:25:00	12300	27	36	0	93	27	36	0	93
03:30:00	12600	89	20	0	162	89	20	0	162
03:35:00	12900	10	34	0	138	10	34	0	138
03:40:00	13200	9	21	0	126	9	21	0	126
03:45:00	13500	66	42	0	150	66	42	0	150
03:50:00	13800	7	30	0	127	7	30	0	127
03:55:00	14100	0	9	0	118	0	9	0	118
04:00:00	14400	154	43	0	229	154	43	0	229
04:05:00	14700	52	72	0	209	52	72	0	209
04:10:00	15000	46	82	0	173	46	82	0	173
04:15:00	15300	41	40	0	174	41	40	0	174
04:20:00	15600	52	4	0	222	52	4	0	222
04:25:00	15900	30	60	0	192	30	60	0	192
04:30:00	16200	163	9	0	346	163	9	0	346
04:35:00	16500	23	45	0	324	23	45	0	324
04:40:00	16800	80	44	0	360	80	44	0	360
04:45:00	17100	129	86	0	403	129	86	0	403
04:50:00	17400	116	81	0	438	116	81	0	438
04:55:00	17700	84	64	0	458	84	64	0	458
05:00:00	18000	514	195	0	777	514	195	0	777
05:05:00	18300	79	103	0	753	79	103	0	753
05:10:00	18600	160	126	0	787	160	126	0	787
05:15:00	18900	225	127	0	885	225	127	0	885
05:20:00	19200	170	156	0	899	170	156	0	899
05:25:00	19500	143	219	0	823	143	219	0	823
05:30:00	19800	652	186	0	1289	652	186	0	1289
05:35:00	20100	193	171	0	1311	193	171	0	1311
05:40:00	20400	240	278	0	1273	240	278	0	1273
05:45:00	20700	715	270	0	1718	715	270	0	1718
05:50:00	21000	292	346	0	1664	292	346	0	1664
05:55:00	21300	211	524	0	1351	211	524	0	1351
06:00:00	21600	1096	379	0	2068	1096	379	0	2068
06:05:00	21900	346	362	0	2052	346	362	0	2052
06:10:00	22200	271	415	0	1908	271	415	0	1908
06:15:00	22500	581	438	0	2051	581	438	0	2051
06:20:00	22800	420	400	0	2071	420	400	0	2071
06:25:00	23100	395	485	0	1981	395	485	0	1981
06:30:00	23400	1416	565	0	2832	1416	565	0	2832
06:35:00	23700	378	510	0	2700	378	510	0	2700
06:40:00	24000	509	571	0	2638	509	571	0	2638
06:45:00	24300	1102	674	0	3066	1102	674	0	3066
06:50:00	24600	609	792	0	2883	609	792	0	2883
06:55:00	24900	538	826	0	2595	538	826	0	2595
07:00:00	25200	2182	883	0	3894	2182	883	0	3894
07:05:00	25500	814	938	0	3770	814	938	0	3770
07:10:00	25800	747	967	0	3550	747	967	0	3550
07:15:00	26100	1393	1174	0	3769	1393	1174	0	3769
07:20:00	26400	1104	1217	0	3656	1104	1217	0	3656
07:25:00	26700	890	1227	0	3319	890	1227	0	3319
07:30:00	27000	2376	1390	0	4305	2376	1390	0	4305
07:35:00	27300	902	1480	0	3727	902	1480	0	3727
07:40:00	27600	878	1273	0	3332	878	1273	0	3332
07:45:00	27900	1549	1274	0	3607	1549	1274	0	3607
07:50:00	28200	1418	1509	0	3516	1418	1509	0	3516
07:55:00	28500	949	1372	0	3093	949	1372	0	3093
08:00:00	28800	2812	1589	0	4316	2812	1589	0	4316
08:05:00	29100	870	1517	0	3669	870	1517	0	3669
08:10:00	29400	900	1354	0	3215	900	1354	0	3215
08:15:00	29700	1639	1376	0	3478	1639	1376	0	3478
08:20:00	30000	1111	1439	0	3150	1111	1439	0	3150
08:25:00	30300	706	1165	0	2691	706	1165	0	2691
08:30:00	30600	2246	1110	0	3827	2246	1110	0	3827
08:35:00	30900	885	1225	0	3487	885	1225	0	3487
08:40:00	31200	1063	1387	0	3163	1063	1387	0	3163
08:45:00	31500	1448	1318	0	3293	1448	1318	0	3293
08:50:00	31800	1009	1457	0	2845	1009	1457	0	2845
08:55:00	32100	796	1433	0	2208	796	1433	0	2208
09:00:00	32400	2784	1261	0	3731	2784	1261	0	3731
09:05:00	32700	700	1228	0	3203	700	1228	0	3203
09:10:00	33000	1038	1397	0	2844	1038	1397	0	2844
09:15:00	33300	1426	1296	0	2974	1426	1296	0	2974
09:20:00	33600	995	1320	0	2649	995	1320	0	2649
09:25:00	33900	529	1123	0	2055	529	1123	0	2055
09:30:00	34200	2423	1252	0	3226	2423	1252	0	3226
09:35:00	34500	689	1135	0	2780	689	1135	0	2780
09:40:00	34800	686	1231	0	2235	686	1231	0	2235
09:45:00	35100	1403	1198	0	2440	1403	1198	0	2440
09:50:00	35400	758	1043	0	2155	758	1043	0	2155
09:55:00	35700	683	1135	0	1703	683	1135	0	1703
10:00:00	36000	2356	1173	0	2886	2356	1173	0	2886
10:05:00	36300	592	1148	0	2330	592	1148	0	2330
10:10:00	36600	613	1034	0	1909	613	1034	0	1909
10:15:00	36900	1054	905	0	2058	1054	905	0	2058
10:20:00	37200	873	892	0	2039	873	892	0	2039
10:25:00	37500	615	1014	0	1640	615	1014	0	1640
10:30:00	37800	2190	1013	0	2817	2190	1013	0	2817
10:35:00	38100	574	1139	0	2252	574	1139	0	2252
10:40:00	38400	755	1025	0	1982	755	1025	0	1982
10:45:00	38700	1229	1080	0	2131	1229	1080	0	2131
10:50:00	39000	825	1075	0	1881	825	1075	0	1881
10:55:00	39300	448	913	0	1416	448	913	0	1416
11:00:00	39600	2371	1043	0	2744	2371	1043	0	2744
11:05:00	39900	826	1208	0	2362	826	1208	0	2362
11:10:00	40200	895	1165	0	2092	895	1165	0	2092
11:15:00	40500	1401	1220	0	2273	1401	1220	0	2273
11:20:00	40800	877	1057	0	2093	877	1057	0	2093
11:25:00	41100	674	1117	0	1650	674	1117	0	1650
11:30:00	41400	2230	1282	0	2598	2230	1282	0	2598
11:35:00	41700	787	1108	0	2277	787	1108	0	2277
11:40:00	42000	898	1189	0	1986	898	1189	0	1986
11:45:00	42300	1561	1130	0	2417	1561	1130	0	2417
11:50:00	42600	830	1279	0	1968	830	1279	0	1968
11:55:00	42900	656	1112	0	1512	656	1112	0	1512
12:00:00	43200	2388	1175	0	2725	2388	1175	0	2725
12:05:00	43500	838	1253	0	2310	838	1253	0	2310
12:10:00	43800	802	1279	0	1833	802	1279	0	1833
12:15:00	44100	1521	1079	0	2275	1521	1079	0	2275
12:20:00	44400	1083	1166	0	2192	1083	1166	0	2192
12:25:00	44700	629	1103	0	1718	629	1103	0	1718
12:30:00	45000	2470	1272	0	2916	2470	1272	0	2916
12:35:00	45300	870	1352	0	2434	870	1352	0	2434
12:40:00	45600	781	1168	0	2047	781	1168	0	2047
12:45:00	45900	1581	1215	0	2413	1581	1215	0	2413
12:50:00	46200	766	1112	0	2067	766	1112	0	2067
12:55:00	46500	463	1136	0	1394	463	1136	0	1394
13:00:00	46800	2748	1157	0	2985	2748	1157	0	2985
13:05:00	47100	770	1269	0	2486	770	1269	0	2486
13:10:00	47400	995	1168	0	2313	995	1168	0	2313
13:15:00	47700	1159	1316	0	2156	1159	1316	0	2156
13:20:00	48000	1110	1118	0	2148	1110	1118	0	2148
13:25:00	48300	561	925	0	1784	561	925	0	1784
13:30:00	48600	2171	1217	0	2738	2171	1217	0	2738
13:35:00	48900	690	1179	0	2249	690	1179	0	2249
13:40:00	49200	722	1045	0	1926	722	1045	0	1926
13:45:00	49500	1061	1191	0	1796	1061	1191	0	1796
13:50:00	49800	949	970	0	1775	949	970	0	1775
13:55:00	50100	593	909	0	1459	593	909	0	1459
14:00:00	50400	2371	1103	0	2727	2371	1103	0	2727
14:05:00	50700	765	1209	0	2283	765	1209	0	2283
14:10:00	51000	914	1025	0	2172	914	1025	0	2172
14:15:00	51300	1106	1006	0	2272	1106	1006	0	2272
14:20:00	51600	1009	1284	0	1997	1009	1284	0	1997
14:25:00	51900	742	884	0	1855	742	884	0	1855
14:30:00	52200	2239	961	0	3133	2239	961	0	3133
14:35:00	52500	914	1302	0	2745	914	1302	0	2745
14:40:00	52800	933	1057	0	2621	933	1057	0	2621
14:45:00	53100	1400	1388	0	2633	1400	1388	0	2633
14:50:00	53400	880	1151	0	2362	880	1151	0	2362
14:55:00	53700	753	1173	0	1942	753	1173	0	1942
15:00:00	54000	3102	1215	0	3829	3102	1215	0	3829
15:05:00	54300	848	1351	0	3326	848	1351	0	3326
15:10:00	54600	1106	1408	0	3024	1106	1408	0	3024
15:15:00	54900	1557	1360	0	3221	1557	1360	0	3221
15:20:00	55200	975	1297	0	2899	975	1297	0	2899
15:25:00	55500	865	1401	0	2363	865	1401	0	2363
15:30:00	55800	2855	1300	0	3918	2855	1300	0	3918
15:35:00	56100	905	1269	0	3554	905	1269	0	3554
15:40:00	56400	878	1129	0	3303	878	1129	0	3303
15:45:00	56700	1358	1392	0	3269	1358	1392	0	3269
15:50:00	57000	1097	1311	0	3055	1097	1311	0	3055
15:55:00	57300	884	1286	0	2653	884	1286	0	2653
16:00:00	57600	3633	1542	0	4744	3633	1542	0	4744
16:05:00	57900	860	1631	0	3973	860	1631	0	3973
16:10:00	58200	1082	1410	0	3645	1082	1410	0	3645
16:15:00	58500	1672	1445	0	3872	1672	1445	0	3872
16:20:00	58800	1129	1405	0	3596	1129	1405	0	3596
16:25:00	59100	911	1404	0	3103	911	1404	0	3103
16:30:00	59400	3172	1564	0	4711	3172	1564	0	4711
16:35:00	59700	1239	1549	0	4401	1239	1549	0	4401
16:40:00	60000	1391	1680	0	4112	1391	1680	0	4112
16:45:00	60300	1715	1552	0	4275	1715	1552	0	4275
16:50:00	60600	1172	1495	0	3952	1172	1495	0	3952
16:55:00	60900	713	1618	0	3047	713	1618	0	3047
17:00:00	61200	3712	1712	0	5047	3712	1712	0	5047
17:05:00	61500	1119	1820	0	4346	1119	1820	0	4346
17:10:00	61800	1440	1630	0	4156	1440	1630	0	4156
17:15:00	62100	1954	1662	0	4448	1954	1662	0	4448
17:20:00	62400	1218	1705	0	3961	1218	1705	0	3961
17:25:00	62700	1045	1534	0	3472	1045	1534	0	3472
17:30:00	63000	3087	1634	0	4925	3087	1634	0	4925
17:35:00	63300	1206	2005	0	4126	1206	2005	0	4126
17:40:00	63600	1069	1596	0	3599	1069	1596	0	3599
17:45:00	63900	1834	1568	0	3865	1834	1568	0	3865
17:50:00	64200	1001	1564	0	3302	1001	1564	0	3302
17:55:00	64500	809	1549	0	2562	809	1549	0	2562
18:00:00	64800	2779	1452	0	3889	2779	1452	0	3889
18:05:00	65100	985	1473	0	3401	985	1473	0	3401
18:10:00	65400	1096	1324	0	3173	1096	1324	0	3173
18:15:00	65700	1418	1609	0	2982	1418	1609	0	2982
18:20:00	66000	881	1154	0	2709	881	1154	0	2709
18:25:00	66300	706	1277	0	2138	706	1277	0	2138
18:30:00	66600	2196	1251	0	3083	2196	1251	0	3083
18:35:00	66900	820	1349	0	2554	820	1349	0	2554
18:40:00	67200	875	1215	0	2214	875	1215	0	2214
18:45:00	67500	1255	1040	0	2429	1255	1040	0	2429
18:50:00	67800	866	1200	0	2095	866	1200	0	2095
18:55:00	68100	585	1072	0	1608	585	1072	0	1608
19:00:00	68400	1615	1024	0	2199	1615	1024	0	2199
19:05:00	68700	576	1044	0	1731	576	1044	0	1731
19:10:00	69000	677	796	0	1612	677	796	0	1612
19:15:00	69300	965	794	0	1783	965	794	0	1783
19:20:00	69600	744	768	0	1759	744	768	0	1759
19:25:00	69900	505	770	0	1494	505	770	0	1494
19:30:00	70200	1201	882	0	1813	1201	882	0	1813
19:35:00	70500	517	714	0	1616	517	714	0	1616
19:40:00	70800	537	794	0	1359	537	794	0	1359
19:45:00	71100	808	703	0	1464	808	703	0	1464
19:50:00	71400	475	685	0	1254	475	685	0	1254
19:55:00	71700	347	557	0	1044	347	557	0	1044
20:00:00	72000	1527	756	0	1815	1527	756	0	1815
20:05:00	72300	396	766	0	1445	396	766	0	1445
20:10:00	72600	476	644	0	1277	476	644	0	1277
20:15:00	72900	747	559	0	1465	747	559	0	1465
20:20:00	73200	553	740	0	1278	553	740	0	1278
20:25:00	73500	238	572	0	944	238	572	0	944
20:30:00	73800	1067	581	0	1430	1067	581	0	1430
20:35:00	74100	364	568	0	1226	364	568	0	1226
20:40:00	74400	411	573	0	1064	411	573	0	1064
20:45:00	74700	584	543	0	1105	584	543	0	1105
20:50:00	75000	343	521	0	927	343	521	0	927
20:55:00	75300	256	460	0	723	256	460	0	723
21:00:00	75600	887	303	0	1307	887	303	0	1307
21:05:00	75900	323	488	0	1142	323	488	0	1142
21:10:00	76200	321	412	0	1051	321	412	0	1051
21:15:00	76500	395	390	0	1056	395	390	0	1056
21:20:00	76800	257	437	0	876	257	437	0	876
21:25:00	77100	171	306	0	741	171	306	0	741
21:30:00	77400	543	349	0	935	543	349	0	935
21:35:00	77700	122	319	0	738	122	319	0	738
21:40:00	78000	275	232	0	781	275	232	0	781
21:45:00	78300	271	225	0	827	271	225	0	827
21:50:00	78600	114	302	0	639	114	302	0	639
21:55:00	78900	97	258	0	478	97	258	0	478
22:00:00	79200	539	290	0	727	539	290	0	727
22:05:00	79500	186	270	0	643	186	270	0	643
22:10:00	79800	134	200	0	577	134	200	0	577
22:15:00	80100	163	190	0	550	163	190	0	550
22:20:00	80400	142	170	0	522	142	170	0	522
22:25:00	80700	79	200	0	401	79	200	0	401
22:30:00	81000	302	161	0	542	302	161	0	542
22:35:00	81300	74	196	0	420	74	196	0	420
22:40:00	81600	128	128	0	420	128	128	0	420
22:45:00	81900	170	114	0	476	170	114	0	476
22:50:00	82200	38	138	0	376	38	138	0	376
22:55:00	82500	69	148	0	297	69	148	0	297
23:00:00	82800	247	131	0	413	247	131	0	413
23:05:00	83100	150	179	0	384	150	179	0	384
23:10:00	83400	72	123	0	333	72	123	0	333
23:15:00	83700	114	91	0	356	114	91	0	356
23:20:00	84000	74	60	0	370	74	60	0	370
23:25:00	84300	20	151	0	239	20	151	0	239
23:30:00	84600	169	109	0	299	169	109	0	299
23:35:00	84900	39	119	0	219	39	119	0	219
23:40:00	85200	6	50	0	175	6	50	0	175
23:45:00	85500	55	65	0	165	55	65	0	165
23:50:00	85800	23	73	0	115	23	73	0	115
23:55:00	86100	42	67	0	90	42	67	0	90
24:00:00	86400	0	33	0	57	0	33	0	57
24:05:00	86700	0	32	0	25	0	32	0	25
24:10:00	87000	0	10	0	15	0	10	0	15
24:15:00	87300	0	11	0	4	0	11	0	4
24:20:00	87600	0	0	0	4	0	0	0	4
24:25:00	87900	0	0	0	4	0	0	0	4
24:30:00	88200	0	0	0	4	0	0	0	4
24:35:00	88500	0	0	0	4	0	0	0	4
24:40:00	88800	0	0	0	4	0	0	0	4
24:45:00	89100	0	0	0	4	0	0	0	4
24:50:00	89400	0	0	0	4	0	0	0	4
24:55:00	89700	0	0	0	4	0	0	0	4
25:00:00	90000	0	0	0	4	0	0	0	4
25:05:00	90300	0	0	0	4	0	0	0	4
25:10:00	90600	0	4	0	0	0	4	0	0
25:15:00	90900	0	0	0	0	0	0	0	0
25:20:00	91200	0	0	0	0	0	0	0	0
25:25:00	91500	0	0	0	0	0	0	0	0
25:30:00	91800	0	0	0	0	0	0	0	0
25:35:00	92100	0	0	0	0	0	0	0	0
25:40:00	92400	0	0	0	0	0	0	0	0
25:45:00	92700	0	0	0	0	0	0	0	0
25:50:00	93000	0	0	0	0	0	0	0	0
25:55:00	93300	0	0	0	0	0	0	0	0
26:00:00	93600	0	0	0	0	0	0	0	0
26:05:00	93900	0	0	0	0	0	0	0	0
26:10:00	94200	0	0	0	0	0	0	0	0
26:15:00	94500	0	0	0	0	0	0	0	0
26:20:00	94800	0	0	0	0	0	0	0	0
26:25:00	95100	0	0	0	0	0	0	0	0
26:30:00	95400	0	0	0	0	0	0	0	0
26:35:00	95700	0	0	0	0	0	0	0	0
26:40:00	96000	0	0	0	0	0	0	0	0
26:45:00	96300	0	0	0	0	0	0	0	0
26:50:00	96600	0	0	0	0	0	0	0	0
26:55:00	96900	0	0	0	0	0	0	0	0
27:00:00	97200	0	0	0	0	0	0	0	0
27:05:00	97500	0	0	0	0	0	0	0	0
27:10:00	97800	0	0	0	0	0	0	0	0
27:15:00	98100	0	0	0	0	0	0	0	0
27:20:00	98400	0	0	0	0	0	0	0	0
27:25:00	98700	0	0	0	0	0	0	0	0
27:30:00	99000	0	0	0	0	0	0	0	0
27:35:00	99300	0	0	0	0	0	0	0	0
27:40:00	99600	0	0	0	0	0	0	0	0
27:45:00	99900	0	0	0	0	0	0	0	0
27:50:00	100200	0	0	0	0	0	0	0	0
27:55:00	100500	0	0	0	0	0	0	0	0
28:00:00	100800	0	0	0	0	0	0	0	0
28:05:00	101100	0	0	0	0	0	0	0	0
28:10:00	101400	0	0	0	0	0	0	0	0
28:15:00	101700	0	0	0	0	0	0	0	0
28:20:00	102000	0	0	0	0	0	0	0	0
28:25:00	102300	0	0	0	0	0	0	0	0
28:30:00	102600	0	0	0	0	0	0	0	0
28:35:00	102900	0	0	0	0	0	0	0	0
28:40:00	103200	0	0	0	0	0	0	0	0
28:45:00	103500	0	0	0	0	0	0	0	0
28:50:00	103800	0	0	0	0	0	0	0	0
28:55:00	104100	0	0	0	0	0	0	0	0
29:00:00	104400	0	0	0	0	0	0	0	0
29:05:00	104700	0	0	0	0	0	0	0	0
29:10:00	105000	0	0	0	0	0	0	0	0
29:15:00	105300	0	0	0	0	0	0	0	0
29:20:00	105600	0	0	0	0	0	0	0	0
29:25:00	105900	0	0	0	0	0	0	0	0
29:30:00	106200	0	0	0	0	0	0	0	0
29:35:00	106500	0	0	0	0	0	0	0	0
29:40:00	106800	0	0	0	0	0	0	0	0
29:45:00	107100	0	0	0	0	0	0	0	0
29:50:00	107400	0	0	0	0	0	0	0	0
29:55:00	107700	0	0	0	0	0	0	0	0
30:00:00	108000	0	0	0	0	0	0	0	0
30:05:00	108300	0	0	0	0	0	0	0	0
