time	time	departures_all	arrivals_all	stuck_all	en-route_all	departures_car	arrivals_car	stuck_car	en-route_car
00:00:00	0	68	14	0	54	68	14	0	54
00:05:00	300	19	17	0	56	19	17	0	56
00:10:00	600	3	23	0	36	3	23	0	36
00:15:00	900	10	24	0	22	10	24	0	22
00:20:00	1200	53	11	0	64	53	11	0	64
00:25:00	1500	14	5	0	73	14	5	0	73
00:30:00	1800	34	3	0	104	34	3	0	104
00:35:00	2100	11	13	0	102	11	13	0	102
00:40:00	2400	16	15	0	103	16	15	0	103
00:45:00	2700	45	52	0	96	45	52	0	96
00:50:00	3000	6	12	0	90	6	12	0	90
00:55:00	3300	59	22	0	127	59	22	0	127
01:00:00	3600	4	16	0	115	4	16	0	115
01:05:00	3900	0	32	0	83	0	32	0	83
01:10:00	4200	7	46	0	44	7	46	0	44
01:15:00	4500	11	24	0	31	11	24	0	31
01:20:00	4800	4	23	0	12	4	23	0	12
01:25:00	5100	0	8	0	4	0	8	0	4
01:30:00	5400	33	5	0	32	33	5	0	32
01:35:00	5700	10	11	0	31	10	11	0	31
01:40:00	6000	45	16	0	60	45	16	0	60
01:45:00	6300	0	3	0	57	0	3	0	57
01:50:00	6600	0	13	0	44	0	13	0	44
01:55:00	6900	0	44	0	0	0	44	0	0
02:00:00	7200	21	12	0	9	21	12	0	9
02:05:00	7500	13	0	0	22	13	0	0	22
02:10:00	7800	0	4	0	18	0	4	0	18
02:15:00	8100	1	5	0	14	1	5	0	14
02:20:00	8400	0	0	0	14	0	0	0	14
02:25:00	8700	5	0	0	19	5	0	0	19
02:30:00	9000	20	5	0	34	20	5	0	34
02:35:00	9300	15	0	0	49	15	0	0	49
02:40:00	9600	5	12	0	42	5	12	0	42
02:45:00	9900	0	0	0	42	0	0	0	42
02:50:00	10200	36	17	0	61	36	17	0	61
02:55:00	10500	69	32	0	98	69	32	0	98
03:00:00	10800	56	10	0	144	56	10	0	144
03:05:00	11100	0	24	0	120	0	24	0	120
03:10:00	11400	0	41	0	79	0	41	0	79
03:15:00	11700	26	50	0	55	26	50	0	55
03:20:00	12000	0	6	0	49	0	6	0	49
03:25:00	12300	0	23	0	26	0	23	0	26
03:30:00	12600	34	0	0	60	34	0	0	60
03:35:00	12900	20	0	0	80	20	0	0	80
03:40:00	13200	0	14	0	66	0	14	0	66
03:45:00	13500	4	27	0	43	4	27	0	43
03:50:00	13800	51	30	0	64	51	30	0	64
03:55:00	14100	30	27	0	67	30	27	0	67
04:00:00	14400	96	29	0	134	96	29	0	134
04:05:00	14700	0	18	0	116	0	18	0	116
04:10:00	15000	0	10	0	106	0	10	0	106
04:15:00	15300	28	38	0	96	28	38	0	96
04:20:00	15600	28	10	0	114	28	10	0	114
04:25:00	15900	76	10	0	180	76	10	0	180
04:30:00	16200	137	39	0	278	137	39	0	278
04:35:00	16500	50	19	0	309	50	19	0	309
04:40:00	16800	69	12	0	366	69	12	0	366
04:45:00	17100	153	104	0	415	153	104	0	415
04:50:00	17400	84	114	0	385	84	114	0	385
04:55:00	17700	47	105	0	327	47	105	0	327
05:00:00	18000	426	118	0	635	426	118	0	635
05:05:00	18300	124	87	0	672	124	87	0	672
05:10:00	18600	63	99	0	636	63	99	0	636
05:15:00	18900	239	127	0	748	239	127	0	748
05:20:00	19200	212	152	0	808	212	152	0	808
05:25:00	19500	55	139	0	724	55	139	0	724
05:30:00	19800	621	257	0	1088	621	257	0	1088
05:35:00	20100	115	215	0	988	115	215	0	988
05:40:00	20400	268	234	0	1022	268	234	0	1022
05:45:00	20700	392	302	0	1112	392	302	0	1112
05:50:00	21000	228	313	0	1027	228	313	0	1027
05:55:00	21300	209	280	0	956	209	280	0	956
06:00:00	21600	971	278	0	1649	971	278	0	1649
06:05:00	21900	403	245	0	1807	403	245	0	1807
06:10:00	22200	365	252	0	1920	365	252	0	1920
06:15:00	22500	565	317	0	2168	565	317	0	2168
06:20:00	22800	370	487	0	2051	370	487	0	2051
06:25:00	23100	309	606	0	1754	309	606	0	1754
06:30:00	23400	1285	454	0	2585	1285	454	0	2585
06:35:00	23700	444	612	0	2417	444	612	0	2417
06:40:00	24000	543	668	0	2292	543	668	0	2292
06:45:00	24300	776	671	0	2397	776	671	0	2397
06:50:00	24600	529	773	0	2153	529	773	0	2153
06:55:00	24900	406	683	0	1876	406	683	0	1876
07:00:00	25200	1895	741	0	3030	1895	741	0	3030
07:05:00	25500	608	702	0	2936	608	702	0	2936
07:10:00	25800	763	864	0	2835	763	864	0	2835
07:15:00	26100	1587	1018	0	3404	1587	1018	0	3404
07:20:00	26400	823	1108	0	3119	823	1108	0	3119
07:25:00	26700	749	1070	0	2798	749	1070	0	2798
07:30:00	27000	2386	1309	0	3875	2386	1309	0	3875
07:35:00	27300	783	1320	0	3338	783	1320	0	3338
07:40:00	27600	943	1122	0	3159	943	1122	0	3159
07:45:00	27900	1563	1359	0	3363	1563	1359	0	3363
07:50:00	28200	998	1440	0	2921	998	1440	0	2921
07:55:00	28500	858	1029	0	2750	858	1029	0	2750
08:00:00	28800	2121	1413	0	3458	2121	1413	0	3458
08:05:00	29100	809	1358	0	2909	809	1358	0	2909
08:10:00	29400	1090	1128	0	2871	1090	1128	0	2871
08:15:00	29700	1414	1346	0	2939	1414	1346	0	2939
08:20:00	30000	787	1146	0	2580	787	1146	0	2580
08:25:00	30300	680	1096	0	2164	680	1096	0	2164
08:30:00	30600	1872	1011	0	3025	1872	1011	0	3025
08:35:00	30900	583	1164	0	2444	583	1164	0	2444
08:40:00	31200	809	1122	0	2131	809	1122	0	2131
08:45:00	31500	1442	1158	0	2415	1442	1158	0	2415
08:50:00	31800	1010	1087	0	2338	1010	1087	0	2338
08:55:00	32100	624	1165	0	1797	624	1165	0	1797
09:00:00	32400	2073	1167	0	2703	2073	1167	0	2703
09:05:00	32700	966	1285	0	2384	966	1285	0	2384
09:10:00	33000	834	1100	0	2118	834	1100	0	2118
09:15:00	33300	923	1049	0	1992	923	1049	0	1992
09:20:00	33600	834	1103	0	1723	834	1103	0	1723
09:25:00	33900	613	795	0	1541	613	795	0	1541
09:30:00	34200	1796	947	0	2390	1796	947	0	2390
09:35:00	34500	487	986	0	1891	487	986	0	1891
09:40:00	34800	704	918	0	1677	704	918	0	1677
09:45:00	35100	803	868	0	1612	803	868	0	1612
09:50:00	35400	672	884	0	1400	672	884	0	1400
09:55:00	35700	480	728	0	1152	480	728	0	1152
10:00:00	36000	2039	817	0	2374	2039	817	0	2374
10:05:00	36300	454	959	0	1869	454	959	0	1869
10:10:00	36600	634	939	0	1564	634	939	0	1564
10:15:00	36900	922	897	0	1589	922	897	0	1589
10:20:00	37200	620	765	0	1444	620	765	0	1444
10:25:00	37500	359	809	0	994	359	809	0	994
10:30:00	37800	1741	689	0	2046	1741	689	0	2046
10:35:00	38100	513	941	0	1618	513	941	0	1618
10:40:00	38400	732	850	0	1500	732	850	0	1500
10:45:00	38700	1004	869	0	1635	1004	869	0	1635
10:50:00	39000	663	807	0	1491	663	807	0	1491
10:55:00	39300	505	960	0	1036	505	960	0	1036
11:00:00	39600	2170	918	0	2288	2170	918	0	2288
11:05:00	39900	572	1038	0	1822	572	1038	0	1822
11:10:00	40200	720	915	0	1627	720	915	0	1627
11:15:00	40500	1143	963	0	1807	1143	963	0	1807
11:20:00	40800	831	906	0	1732	831	906	0	1732
11:25:00	41100	498	951	0	1279	498	951	0	1279
11:30:00	41400	2036	1054	0	2261	2036	1054	0	2261
11:35:00	41700	558	1152	0	1667	558	1152	0	1667
11:40:00	42000	949	970	0	1646	949	970	0	1646
11:45:00	42300	1284	964	0	1966	1284	964	0	1966
11:50:00	42600	911	1229	0	1648	911	1229	0	1648
11:55:00	42900	545	1001	0	1192	545	1001	0	1192
12:00:00	43200	2061	1125	0	2128	2061	1125	0	2128
12:05:00	43500	795	1197	0	1726	795	1197	0	1726
12:10:00	43800	945	955	0	1716	945	955	0	1716
12:15:00	44100	1357	1016	0	2057	1357	1016	0	2057
12:20:00	44400	803	1057	0	1803	803	1057	0	1803
12:25:00	44700	712	1055	0	1460	712	1055	0	1460
12:30:00	45000	2005	1148	0	2317	2005	1148	0	2317
12:35:00	45300	683	1234	0	1766	683	1234	0	1766
12:40:00	45600	841	1022	0	1585	841	1022	0	1585
12:45:00	45900	1697	1158	0	2124	1697	1158	0	2124
12:50:00	46200	716	1300	0	1540	716	1300	0	1540
12:55:00	46500	544	985	0	1099	544	985	0	1099
13:00:00	46800	1826	913	0	2012	1826	913	0	2012
13:05:00	47100	496	912	0	1596	496	912	0	1596
13:10:00	47400	873	1093	0	1376	873	1093	0	1376
13:15:00	47700	1007	855	0	1528	1007	855	0	1528
13:20:00	48000	709	847	0	1390	709	847	0	1390
13:25:00	48300	512	791	0	1111	512	791	0	1111
13:30:00	48600	2001	1003	0	2109	2001	1003	0	2109
13:35:00	48900	555	875	0	1789	555	875	0	1789
13:40:00	49200	595	885	0	1499	595	885	0	1499
13:45:00	49500	1085	963	0	1621	1085	963	0	1621
13:50:00	49800	570	813	0	1378	570	813	0	1378
13:55:00	50100	528	760	0	1146	528	760	0	1146
14:00:00	50400	2160	883	0	2423	2160	883	0	2423
14:05:00	50700	657	1127	0	1953	657	1127	0	1953
14:10:00	51000	919	945	0	1927	919	945	0	1927
14:15:00	51300	943	971	0	1899	943	971	0	1899
14:20:00	51600	847	946	0	1800	847	946	0	1800
14:25:00	51900	469	797	0	1472	469	797	0	1472
14:30:00	52200	2074	1071	0	2475	2074	1071	0	2475
14:35:00	52500	603	1003	0	2075	603	1003	0	2075
14:40:00	52800	721	1080	0	1716	721	1080	0	1716
14:45:00	53100	1215	979	0	1952	1215	979	0	1952
14:50:00	53400	738	981	0	1709	738	981	0	1709
14:55:00	53700	690	935	0	1464	690	935	0	1464
15:00:00	54000	2961	1287	0	3138	2961	1287	0	3138
15:05:00	54300	718	1210	0	2646	718	1210	0	2646
15:10:00	54600	893	997	0	2542	893	997	0	2542
15:15:00	54900	1522	1369	0	2695	1522	1369	0	2695
15:20:00	55200	675	969	0	2401	675	969	0	2401
15:25:00	55500	634	874	0	2161	634	874	0	2161
15:30:00	55800	2447	1233	0	3375	2447	1233	0	3375
15:35:00	56100	721	1335	0	2761	721	1335	0	2761
15:40:00	56400	927	1121	0	2567	927	1121	0	2567
15:45:00	56700	1449	1216	0	2800	1449	1216	0	2800
15:50:00	57000	957	1189	0	2568	957	1189	0	2568
15:55:00	57300	567	1163	0	1972	567	1163	0	1972
16:00:00	57600	3413	1229	0	4156	3413	1229	0	4156
16:05:00	57900	892	1583	0	3465	892	1583	0	3465
16:10:00	58200	1083	1141	0	3407	1083	1141	0	3407
16:15:00	58500	1293	1378	0	3322	1293	1378	0	3322
16:20:00	58800	1094	1511	0	2905	1094	1511	0	2905
16:25:00	59100	779	1174	0	2510	779	1174	0	2510
16:30:00	59400	2827	1408	0	3929	2827	1408	0	3929
16:35:00	59700	1000	1518	0	3411	1000	1518	0	3411
16:40:00	60000	1213	1351	0	3273	1213	1351	0	3273
16:45:00	60300	1529	1655	0	3147	1529	1655	0	3147
16:50:00	60600	1017	1247	0	2917	1017	1247	0	2917
16:55:00	60900	817	1265	0	2469	817	1265	0	2469
17:00:00	61200	3558	1545	0	4482	3558	1545	0	4482
17:05:00	61500	1012	1638	0	3856	1012	1638	0	3856
17:10:00	61800	1128	1575	0	3409	1128	1575	0	3409
17:15:00	62100	1742	1562	0	3589	1742	1562	0	3589
17:20:00	62400	927	1653	0	2863	927	1653	0	2863
17:25:00	62700	1039	1302	0	2600	1039	1302	0	2600
17:30:00	63000	2597	1408	0	3789	2597	1408	0	3789
17:35:00	63300	824	1283	0	3330	824	1283	0	3330
17:40:00	63600	951	1386	0	2895	951	1386	0	2895
17:45:00	63900	1297	1367	0	2825	1297	1367	0	2825
17:50:00	64200	766	1296	0	2295	766	1296	0	2295
17:55:00	64500	574	976	0	1893	574	976	0	1893
18:00:00	64800	2391	1331	0	2953	2391	1331	0	2953
18:05:00	65100	717	1158	0	2512	717	1158	0	2512
18:10:00	65400	966	1181	0	2297	966	1181	0	2297
18:15:00	65700	1195	1138	0	2354	1195	1138	0	2354
18:20:00	66000	786	1167	0	1973	786	1167	0	1973
18:25:00	66300	647	973	0	1647	647	973	0	1647
18:30:00	66600	1863	1065	0	2445	1863	1065	0	2445
18:35:00	66900	501	930	0	2016	501	930	0	2016
18:40:00	67200	740	986	0	1770	740	986	0	1770
18:45:00	67500	1244	1164	0	1850	1244	1164	0	1850
18:50:00	67800	692	1009	0	1533	692	1009	0	1533
18:55:00	68100	440	831	0	1142	440	831	0	1142
19:00:00	68400	1596	814	0	1924	1596	814	0	1924
19:05:00	68700	698	976	0	1646	698	976	0	1646
19:10:00	69000	707	750	0	1603	707	750	0	1603
19:15:00	69300	915	845	0	1673	915	845	0	1673
19:20:00	69600	507	729	0	1451	507	729	0	1451
19:25:00	69900	483	775	0	1159	483	775	0	1159
19:30:00	70200	1142	772	0	1529	1142	772	0	1529
19:35:00	70500	456	759	0	1226	456	759	0	1226
19:40:00	70800	573	587	0	1212	573	587	0	1212
19:45:00	71100	773	662	0	1323	773	662	0	1323
19:50:00	71400	430	740	0	1013	430	740	0	1013
19:55:00	71700	370	556	0	827	370	556	0	827
20:00:00	72000	1224	637	0	1414	1224	637	0	1414
20:05:00	72300	326	561	0	1179	326	561	0	1179
20:10:00	72600	445	579	0	1045	445	579	0	1045
20:15:00	72900	673	595	0	1123	673	595	0	1123
20:20:00	73200	506	554	0	1075	506	554	0	1075
20:25:00	73500	257	443	0	889	257	443	0	889
20:30:00	73800	1019	575	0	1333	1019	575	0	1333
20:35:00	74100	337	662	0	1008	337	662	0	1008
20:40:00	74400	389	552	0	845	389	552	0	845
20:45:00	74700	459	518	0	786	459	518	0	786
20:50:00	75000	364	397	0	753	364	397	0	753
20:55:00	75300	361	397	0	717	361	397	0	717
21:00:00	75600	883	473	0	1127	883	473	0	1127
21:05:00	75900	387	473	0	1041	387	473	0	1041
21:10:00	76200	303	516	0	828	303	516	0	828
21:15:00	76500	375	415	0	788	375	415	0	788
21:20:00	76800	196	435	0	549	196	435	0	549
21:25:00	77100	121	279	0	391	121	279	0	391
21:30:00	77400	648	338	0	701	648	338	0	701
21:35:00	77700	146	317	0	530	146	317	0	530
21:40:00	78000	197	298	0	429	197	298	0	429
21:45:00	78300	196	212	0	413	196	212	0	413
21:50:00	78600	195	216	0	392	195	216	0	392
21:55:00	78900	90	173	0	309	90	173	0	309
22:00:00	79200	566	238	0	637	566	238	0	637
22:05:00	79500	177	184	0	630	177	184	0	630
22:10:00	79800	201	255	0	576	201	255	0	576
22:15:00	80100	161	262	0	475	161	262	0	475
22:20:00	80400	120	290	0	305	120	290	0	305
22:25:00	80700	64	83	0	286	64	83	0	286
22:30:00	81000	276	127	0	435	276	127	0	435
22:35:00	81300	62	188	0	309	62	188	0	309
22:40:00	81600	100	99	0	310	100	99	0	310
22:45:00	81900	94	120	0	284	94	120	0	284
22:50:00	82200	65	98	0	251	65	98	0	251
22:55:00	82500	79	82	0	248	79	82	0	248
23:00:00	82800	182	120	0	310	182	120	0	310
23:05:00	83100	101	105	0	306	101	105	0	306
23:10:00	83400	66	111	0	261	66	111	0	261
23:15:00	83700	58	66	0	253	58	66	0	253
23:20:00	84000	21	107	0	167	21	107	0	167
23:25:00	84300	27	96	0	98	27	96	0	98
23:30:00	84600	134	53	0	179	134	53	0	179
23:35:00	84900	60	54	0	185	60	54	0	185
23:40:00	85200	17	18	0	184	17	18	0	184
23:45:00	85500	26	27	0	183	26	27	0	183
23:50:00	85800	101	66	0	218	101	66	0	218
23:55:00	86100	19	89	0	148	19	89	0	148
24:00:00	86400	0	38	0	110	0	38	0	110
24:05:00	86700	0	50	0	60	0	50	0	60
24:10:00	87000	0	36	0	24	0	36	0	24
24:15:00	87300	0	15	0	9	0	15	0	9
24:20:00	87600	0	0	0	9	0	0	0	9
24:25:00	87900	0	0	0	9	0	0	0	9
24:30:00	88200	0	0	0	9	0	0	0	9
24:35:00	88500	0	0	0	9	0	0	0	9
24:40:00	88800	0	0	0	9	0	0	0	9
24:45:00	89100	0	0	0	9	0	0	0	9
24:50:00	89400	0	9	0	0	0	9	0	0
24:55:00	89700	0	0	0	0	0	0	0	0
25:00:00	90000	0	0	0	0	0	0	0	0
25:05:00	90300	0	0	0	0	0	0	0	0
25:10:00	90600	0	0	0	0	0	0	0	0
25:15:00	90900	0	0	0	0	0	0	0	0
25:20:00	91200	0	0	0	0	0	0	0	0
25:25:00	91500	0	0	0	0	0	0	0	0
25:30:00	91800	0	0	0	0	0	0	0	0
25:35:00	92100	0	0	0	0	0	0	0	0
25:40:00	92400	0	0	0	0	0	0	0	0
25:45:00	92700	0	0	0	0	0	0	0	0
25:50:00	93000	0	0	0	0	0	0	0	0
25:55:00	93300	0	0	0	0	0	0	0	0
26:00:00	93600	0	0	0	0	0	0	0	0
26:05:00	93900	0	0	0	0	0	0	0	0
26:10:00	94200	0	0	0	0	0	0	0	0
26:15:00	94500	0	0	0	0	0	0	0	0
26:20:00	94800	0	0	0	0	0	0	0	0
26:25:00	95100	0	0	0	0	0	0	0	0
26:30:00	95400	0	0	0	0	0	0	0	0
26:35:00	95700	0	0	0	0	0	0	0	0
26:40:00	96000	0	0	0	0	0	0	0	0
26:45:00	96300	0	0	0	0	0	0	0	0
26:50:00	96600	0	0	0	0	0	0	0	0
26:55:00	96900	0	0	0	0	0	0	0	0
27:00:00	97200	0	0	0	0	0	0	0	0
27:05:00	97500	0	0	0	0	0	0	0	0
27:10:00	97800	0	0	0	0	0	0	0	0
27:15:00	98100	0	0	0	0	0	0	0	0
27:20:00	98400	0	0	0	0	0	0	0	0
27:25:00	98700	0	0	0	0	0	0	0	0
27:30:00	99000	0	0	0	0	0	0	0	0
27:35:00	99300	0	0	0	0	0	0	0	0
27:40:00	99600	0	0	0	0	0	0	0	0
27:45:00	99900	0	0	0	0	0	0	0	0
27:50:00	100200	0	0	0	0	0	0	0	0
27:55:00	100500	0	0	0	0	0	0	0	0
28:00:00	100800	0	0	0	0	0	0	0	0
28:05:00	101100	0	0	0	0	0	0	0	0
28:10:00	101400	0	0	0	0	0	0	0	0
28:15:00	101700	0	0	0	0	0	0	0	0
28:20:00	102000	0	0	0	0	0	0	0	0
28:25:00	102300	0	0	0	0	0	0	0	0
28:30:00	102600	0	0	0	0	0	0	0	0
28:35:00	102900	0	0	0	0	0	0	0	0
28:40:00	103200	0	0	0	0	0	0	0	0
28:45:00	103500	0	0	0	0	0	0	0	0
28:50:00	103800	0	0	0	0	0	0	0	0
28:55:00	104100	0	0	0	0	0	0	0	0
29:00:00	104400	0	0	0	0	0	0	0	0
29:05:00	104700	0	0	0	0	0	0	0	0
29:10:00	105000	0	0	0	0	0	0	0	0
29:15:00	105300	0	0	0	0	0	0	0	0
29:20:00	105600	0	0	0	0	0	0	0	0
29:25:00	105900	0	0	0	0	0	0	0	0
29:30:00	106200	0	0	0	0	0	0	0	0
29:35:00	106500	0	0	0	0	0	0	0	0
29:40:00	106800	0	0	0	0	0	0	0	0
29:45:00	107100	0	0	0	0	0	0	0	0
29:50:00	107400	0	0	0	0	0	0	0	0
29:55:00	107700	0	0	0	0	0	0	0	0
30:00:00	108000	0	0	0	0	0	0	0	0
30:05:00	108300	0	0	0	0	0	0	0	0
