pattern	0+	5+	10+	15+	20+	25+	30+	35+	40+	45+	50+	55+	60+
act_1---act_1	82	0	30	49	83	44	20	66	64	46	24	12	90
act_1---act_10	442	349	390	345	391	425	193	255	386	375	222	183	1127
act_1---act_11	216	228	147	165	133	229	63	102	222	151	107	132	633
act_1---act_12	82	81	71	28	57	48	65	80	44	57	71	49	173
act_1---act_13	162	226	302	222	373	176	171	146	229	117	155	150	554
act_1---act_14	40	97	90	94	41	75	61	33	99	35	45	36	115
act_1---act_15	24	24	64	30	18	7	41	18	8	20	18	12	40
act_1---act_16	1583	1329	1353	1161	1005	1073	1139	1044	895	923	820	703	2851
act_1---act_17	0	0	0	0	0	12	10	8	6	0	0	0	4
act_1---act_18	259	162	218	219	260	277	147	220	299	133	101	105	816
act_1---act_2	1729	1246	1842	1913	1896	1944	1543	1680	1435	1433	1295	953	4470
act_1---act_3	153	99	63	76	107	70	71	94	36	102	77	70	339
act_1---act_4	180	192	157	151	170	139	149	118	96	145	65	110	299
act_1---act_5	979	909	871	685	727	644	494	591	458	576	531	453	2218
act_1---act_6	223	291	319	358	273	199	323	224	158	147	102	185	793
act_1---act_7	202	175	249	302	208	283	213	187	162	202	146	85	570
act_1---act_8	213	146	142	235	234	145	190	249	180	281	230	105	667
act_1---act_9	230	166	301	200	258	258	163	175	148	178	121	194	528
act_10---act_1	247	311	230	354	276	278	232	322	202	159	145	140	677
act_10---act_10	38	78	65	14	21	42	28	5	21	17	69	36	26
act_10---act_11	12	6	15	15	0	5	13	0	0	0	0	0	12
act_10---act_12	12	4	2	0	12	0	0	0	12	0	0	0	0
act_10---act_13	0	0	0	12	12	0	0	12	0	0	0	0	28
act_10---act_14	0	0	12	0	0	6	0	0	0	0	0	18	4
act_10---act_16	12	12	24	16	24	12	0	12	0	48	0	12	39
act_10---act_18	6	0	8	4	0	0	0	0	0	0	0	16	20
act_10---act_2	36	24	0	16	34	22	13	25	44	2	12	0	108
act_10---act_3	12	0	12	0	0	0	10	2	0	0	0	0	18
act_10---act_5	186	106	63	86	88	60	92	57	67	67	61	112	235
act_10---act_6	54	69	40	61	76	15	66	7	44	24	3	31	38
act_10---act_7	36	52	24	12	18	0	24	1	17	14	22	24	6
act_10---act_8	6	12	24	6	28	0	39	33	6	34	26	0	36
act_10---act_9	6	0	0	4	2	0	0	0	0	12	0	0	12
act_11---act_1	283	235	288	251	307	286	225	210	185	162	202	150	969
act_11---act_10	6	6	48	34	19	7	18	11	7	14	16	8	34
act_11---act_11	18	24	27	6	21	27	16	2	18	30	34	12	26
act_11---act_12	0	0	0	0	0	0	0	0	0	0	0	0	12
act_11---act_13	0	12	6	0	0	0	0	0	0	0	0	0	24
act_11---act_14	0	0	0	0	0	0	0	0	4	0	0	0	0
act_11---act_16	28	12	40	2	20	20	55	33	28	6	12	18	90
act_11---act_18	12	12	6	0	12	0	0	12	0	6	6	0	18
act_11---act_2	24	0	0	12	0	36	0	22	2	2	22	24	39
act_11---act_3	0	0	0	0	0	0	0	3	9	0	0	0	0
act_11---act_4	12	0	0	0	0	0	0	0	0	0	0	0	0
act_11---act_5	48	52	59	56	38	33	30	56	60	48	53	46	139
act_11---act_6	36	16	39	2	22	33	21	19	29	28	18	0	34
act_11---act_7	46	6	49	51	6	36	11	53	23	22	13	0	66
act_11---act_8	8	17	41	27	39	33	3	16	8	0	45	7	126
act_11---act_9	0	0	0	0	15	21	0	0	0	0	0	0	12
act_12---act_1	76	57	52	31	21	12	41	30	67	53	20	47	157
act_12---act_10	0	0	0	0	0	0	0	0	18	0	0	0	0
act_12---act_11	0	0	0	0	6	0	0	0	0	0	0	0	0
act_12---act_12	12	0	0	0	0	0	0	0	0	0	0	15	0
act_12---act_14	0	12	0	0	0	0	0	0	0	0	0	0	0
act_12---act_16	6	3	6	4	0	0	0	0	0	12	0	0	4
act_12---act_18	12	0	0	0	12	0	0	0	0	0	0	0	0
act_12---act_2	0	0	12	0	0	12	0	0	0	0	0	0	12
act_12---act_5	48	30	0	23	25	36	12	18	0	0	12	4	36
act_12---act_6	6	0	0	0	18	0	0	0	0	0	0	0	0
act_12---act_7	12	0	1	11	3	9	6	0	6	20	31	1	18
act_12---act_8	0	4	15	5	3	9	0	0	0	0	0	6	0
act_12---act_9	0	11	1	0	0	0	0	0	0	0	0	0	0
act_13---act_1	273	235	225	275	366	250	130	177	214	184	147	120	556
act_13---act_10	0	12	12	12	0	0	0	0	0	0	0	0	24
act_13---act_11	0	12	11	13	0	0	0	16	8	0	5	7	0
act_13---act_12	0	0	0	0	0	0	0	0	10	2	0	0	12
act_13---act_13	36	8	13	0	18	21	27	6	0	24	0	0	24
act_13---act_14	12	0	0	0	0	0	0	0	0	0	0	0	0
act_13---act_16	18	0	16	16	10	6	0	0	0	12	0	0	12
act_13---act_18	0	0	0	12	0	0	0	0	0	0	0	0	12
act_13---act_2	12	0	24	3	21	36	24	12	11	13	12	12	36
act_13---act_3	0	0	6	12	0	0	0	0	0	0	0	0	0
act_13---act_4	0	0	0	12	0	0	0	0	0	0	0	0	0
act_13---act_5	144	12	36	36	24	29	31	33	57	18	6	36	51
act_13---act_6	36	30	36	12	12	24	12	18	17	13	0	0	66
act_13---act_7	42	6	16	20	8	16	24	28	4	24	0	9	21
act_13---act_8	0	7	8	50	13	0	15	9	0	30	22	2	72
act_13---act_9	0	0	0	11	1	19	5	0	0	12	0	0	0
act_14---act_1	78	76	75	49	102	55	24	40	60	55	50	25	279
act_14---act_10	0	0	0	0	0	0	0	0	0	0	0	0	6
act_14---act_11	0	0	0	1	5	0	0	0	0	0	0	12	12
act_14---act_12	0	0	0	0	1	3	0	0	0	0	0	0	0
act_14---act_13	12	0	0	0	0	0	0	0	0	0	0	0	0
act_14---act_14	0	0	6	0	0	0	12	0	0	0	0	0	0
act_14---act_16	7	4	12	0	6	0	10	0	12	12	0	0	33
act_14---act_2	0	0	0	0	0	0	0	0	0	0	12	0	12
act_14---act_4	0	0	0	6	0	0	0	0	0	0	0	0	0
act_14---act_5	30	12	24	28	18	0	0	6	12	24	5	19	42
act_14---act_6	12	0	18	0	0	16	0	12	12	0	0	0	4
act_14---act_7	22	12	22	0	0	6	1	5	4	0	0	3	50
act_14---act_8	0	1	29	5	21	10	0	6	0	12	0	0	0
act_15---act_1	26	17	59	50	24	40	44	20	0	39	17	6	52
act_15---act_15	0	0	0	0	0	0	0	0	0	0	0	0	6
act_15---act_16	0	0	0	0	0	0	0	0	0	0	6	0	0
act_15---act_18	0	0	6	0	0	0	0	0	0	0	0	0	0
act_15---act_2	0	0	0	0	0	0	0	0	0	0	12	0	0
act_15---act_5	27	15	0	8	4	0	0	6	6	0	0	0	12
act_15---act_6	0	1	11	0	19	5	0	0	0	0	0	0	0
act_15---act_7	15	3	0	0	0	24	0	0	0	10	0	0	18
act_15---act_8	0	6	12	0	0	0	0	0	0	0	0	0	0
act_16---act_1	1061	748	979	967	827	606	789	541	620	690	594	437	2261
act_16---act_10	39	35	39	31	24	27	33	12	42	38	14	31	124
act_16---act_11	0	12	13	5	0	6	19	3	0	6	0	6	10
act_16---act_12	24	30	16	2	0	3	12	0	0	18	6	0	0
act_16---act_13	12	0	16	17	1	7	17	0	0	22	8	5	16
act_16---act_14	10	0	6	12	6	12	4	0	21	1	1	17	16
act_16---act_15	0	0	0	0	0	0	0	0	0	6	0	3	0
act_16---act_16	287	156	147	134	168	124	121	155	141	93	162	70	474
act_16---act_17	0	0	0	0	0	0	0	0	6	0	0	0	0
act_16---act_18	36	0	6	0	0	0	0	12	0	0	18	0	28
act_16---act_2	78	92	165	155	142	93	124	99	132	83	72	89	237
act_16---act_3	0	0	0	10	0	6	0	7	5	0	0	0	30
act_16---act_4	12	0	6	0	0	10	0	4	0	24	0	0	48
act_16---act_5	226	141	169	114	113	140	104	114	86	119	138	87	370
act_16---act_6	90	101	98	49	122	51	54	68	99	55	44	34	111
act_16---act_7	68	38	46	26	50	74	117	45	50	19	4	37	210
act_16---act_8	51	51	52	40	30	86	54	45	22	15	17	40	152
act_16---act_9	18	0	28	20	27	1	9	9	6	26	7	10	60
act_17---act_1	6	0	0	0	0	0	0	0	0	0	0	0	0
act_17---act_12	0	0	12	0	0	0	0	0	0	0	0	0	0
act_17---act_13	0	0	0	0	0	0	0	0	0	0	0	0	12
act_17---act_2	0	0	0	6	0	0	0	0	0	0	0	0	0
act_17---act_7	0	0	0	0	0	2	0	0	0	0	0	0	0
act_17---act_9	11	1	0	0	0	0	0	0	0	0	0	0	0
act_18---act_1	289	202	222	192	135	180	220	226	125	98	174	54	504
act_18---act_10	42	45	61	14	33	36	48	31	47	0	0	0	132
act_18---act_11	6	0	0	0	0	0	0	0	0	0	0	0	24
act_18---act_12	24	0	12	0	0	0	0	0	0	0	12	5	1
act_18---act_13	0	0	6	0	0	10	2	0	24	0	0	0	24
act_18---act_14	0	0	0	0	0	0	0	0	0	0	0	9	3
act_18---act_15	0	6	0	0	0	12	0	0	0	0	0	0	0
act_18---act_16	36	27	47	33	19	12	12	24	40	8	11	25	46
act_18---act_18	12	0	12	0	12	0	0	12	18	17	7	12	60
act_18---act_2	36	12	48	12	1	23	11	30	61	10	44	12	60
act_18---act_3	0	0	6	0	0	0	0	0	0	0	0	12	0
act_18---act_4	0	0	0	0	0	0	0	4	8	0	0	0	0
act_18---act_5	82	42	87	81	60	53	30	33	70	76	25	41	160
act_18---act_6	36	18	48	4	67	39	34	26	35	55	27	38	69
act_18---act_7	0	4	14	0	17	1	12	21	0	0	30	18	44
act_18---act_8	42	24	37	59	28	44	18	26	58	36	24	24	96
act_18---act_9	12	12	20	10	12	0	12	16	6	12	0	0	4
act_2---act_1	1541	1155	1841	1609	1741	1558	1369	1681	1250	939	980	933	4207
act_2---act_10	144	94	158	98	94	123	105	104	74	110	87	72	249
act_2---act_11	52	2	18	66	5	22	33	15	14	31	0	0	120
act_2---act_12	7	17	0	0	0	0	0	0	0	8	16	0	42
act_2---act_13	78	24	8	36	48	40	61	39	31	28	42	40	97
act_2---act_14	18	12	12	12	4	23	7	12	12	11	1	12	50
act_2---act_15	0	0	0	0	0	0	0	0	0	0	4	8	12
act_2---act_16	236	203	294	151	220	172	229	131	100	126	98	164	414
act_2---act_18	48	18	12	18	12	15	39	0	11	34	31	0	36
act_2---act_2	592	271	463	384	333	354	202	285	316	206	190	181	913
act_2---act_3	36	0	0	12	12	0	0	0	0	12	0	12	12
act_2---act_4	24	24	0	12	0	24	26	10	0	2	16	0	0
act_2---act_5	651	203	410	373	325	274	349	309	254	240	173	136	909
act_2---act_6	197	169	206	156	143	153	129	137	152	93	41	45	477
act_2---act_7	228	172	192	107	137	191	106	81	114	115	68	65	419
act_2---act_8	149	94	206	109	162	74	176	158	147	115	80	35	281
act_2---act_9	48	12	48	68	20	24	12	12	14	34	0	7	59
act_3---act_1	78	89	132	74	117	125	77	79	22	36	56	3	177
act_3---act_10	0	0	12	12	0	0	24	12	24	0	0	0	36
act_3---act_11	6	0	12	0	0	0	0	12	12	0	12	0	12
act_3---act_13	12	12	0	0	0	0	0	0	0	0	0	0	0
act_3---act_16	0	6	0	8	10	2	16	6	0	16	6	30	18
act_3---act_18	0	0	6	0	0	7	5	0	0	0	5	7	12
act_3---act_2	12	0	12	8	4	0	0	0	12	0	0	0	0
act_3---act_3	0	0	6	6	6	3	9	0	21	3	0	0	12
act_3---act_5	84	12	19	17	23	1	14	34	34	26	36	24	48
act_3---act_6	0	0	0	12	24	0	0	0	30	0	0	6	12
act_3---act_7	6	0	0	6	6	0	0	0	0	16	0	12	0
act_3---act_8	0	6	33	3	0	0	0	0	0	0	0	0	0
act_4---act_1	176	151	175	125	120	136	84	79	40	86	69	53	484
act_4---act_10	12	0	18	0	12	16	3	21	12	7	5	6	18
act_4---act_11	6	0	12	6	24	0	0	0	0	12	0	0	15
act_4---act_12	0	0	0	0	0	0	0	0	0	0	0	0	12
act_4---act_13	0	12	0	0	0	0	5	17	2	0	0	0	0
act_4---act_15	12	0	0	0	0	0	6	0	0	0	0	0	0
act_4---act_16	23	13	30	28	12	0	24	6	6	23	31	6	42
act_4---act_18	0	0	0	0	0	0	0	0	0	0	0	0	12
act_4---act_2	12	0	25	23	7	17	12	0	4	8	0	12	48
act_4---act_3	0	0	0	0	0	0	0	0	12	0	0	0	12
act_4---act_4	12	6	0	0	0	0	0	6	0	5	19	25	15
act_4---act_5	70	18	44	2	33	21	22	12	6	7	24	5	54
act_4---act_6	0	0	10	10	16	12	0	12	0	0	3	21	42
act_4---act_7	26	15	14	0	4	3	9	12	0	12	11	13	42
act_4---act_8	6	0	0	0	0	13	23	0	0	0	0	6	42
act_4---act_9	0	0	0	0	0	12	0	0	0	0	0	0	6
act_5---act_1	783	752	950	796	825	579	671	513	579	590	576	521	2138
act_5---act_10	42	6	16	12	13	27	2	18	0	6	0	15	33
act_5---act_11	48	22	64	16	12	22	8	0	30	12	28	18	40
act_5---act_12	0	24	0	18	6	0	12	0	0	0	0	0	0
act_5---act_13	17	9	14	34	10	0	0	0	0	0	9	27	12
act_5---act_14	0	0	6	6	4	26	0	12	0	0	0	12	10
act_5---act_15	0	12	0	0	0	0	0	0	0	0	0	0	0
act_5---act_16	49	62	25	63	14	24	11	23	15	67	21	35	130
act_5---act_18	12	24	30	0	8	22	0	6	5	19	32	4	36
act_5---act_2	140	41	74	59	58	57	99	24	36	0	12	0	90
act_5---act_3	18	0	8	16	0	0	0	0	24	0	0	0	24
act_5---act_4	0	0	0	0	0	0	0	0	0	0	0	0	24
act_5---act_5	427	254	267	164	165	172	154	164	115	167	136	101	421
act_5---act_6	54	27	41	8	15	39	24	27	27	9	18	0	52
act_5---act_7	85	75	60	12	95	49	21	12	24	41	70	44	149
act_5---act_8	36	51	9	4	26	12	0	9	15	12	16	32	66
act_5---act_9	12	17	1	0	2	21	13	12	12	0	0	12	30
act_6---act_1	179	307	287	213	240	290	266	126	140	225	166	106	758
act_6---act_10	4	12	12	0	12	2	10	0	0	0	12	0	24
act_6---act_11	12	0	0	0	0	0	18	0	9	3	0	0	24
act_6---act_12	0	0	0	0	7	5	0	12	0	0	0	0	6
act_6---act_13	12	6	0	0	4	0	0	0	0	0	0	0	12
act_6---act_14	0	0	4	0	0	12	0	0	0	0	0	0	6
act_6---act_15	0	0	0	0	0	0	0	0	0	0	4	8	0
act_6---act_16	24	6	6	0	0	0	0	28	0	0	0	12	6
act_6---act_18	0	0	0	0	0	0	0	0	0	0	0	0	12
act_6---act_2	60	44	38	78	70	79	76	61	37	52	70	25	144
act_6---act_3	12	12	0	12	0	0	0	0	0	0	0	0	16
act_6---act_5	21	27	28	4	48	20	42	30	22	26	12	12	61
act_6---act_6	32	13	17	16	4	9	23	0	12	0	0	1	23
act_6---act_7	24	0	0	6	0	6	6	0	0	0	0	0	0
act_6---act_8	9	9	0	0	0	6	0	0	0	0	0	0	12
act_6---act_9	12	19	5	24	12	0	0	6	0	0	0	0	12
act_7---act_1	245	294	344	319	371	369	316	186	196	252	204	153	817
act_7---act_10	28	14	6	0	0	19	15	8	0	12	0	0	48
act_7---act_11	0	0	0	2	10	0	0	3	4	12	12	0	12
act_7---act_12	12	0	2	10	0	6	0	0	0	0	0	0	36
act_7---act_13	0	12	0	5	24	19	0	12	0	0	6	0	16
act_7---act_14	0	16	8	0	15	13	0	0	0	0	0	1	11
act_7---act_15	0	6	6	5	7	9	3	6	0	0	0	0	6
act_7---act_16	52	42	4	37	23	0	24	0	0	24	0	0	40
act_7---act_18	0	0	12	12	0	0	0	0	0	0	0	0	0
act_7---act_2	92	64	67	45	94	55	53	15	70	63	38	24	144
act_7---act_3	12	12	0	0	0	17	7	0	12	0	0	0	0
act_7---act_4	0	12	0	0	0	0	0	0	0	0	0	0	0
act_7---act_5	132	110	32	40	17	100	45	31	62	88	86	42	175
act_7---act_6	12	6	0	0	0	0	12	6	0	0	0	4	2
act_7---act_7	44	26	30	14	24	21	5	18	13	23	0	17	53
act_7---act_8	0	0	9	12	3	4	26	24	12	13	5	0	12
act_7---act_9	30	0	6	12	6	12	0	17	1	0	0	12	6
act_8---act_1	137	250	182	143	122	216	155	210	141	241	107	63	590
act_8---act_10	6	3	15	6	12	0	29	7	12	6	0	0	12
act_8---act_12	0	0	0	0	0	0	0	0	0	0	0	0	6
act_8---act_13	0	0	0	0	2	10	0	12	0	0	0	0	12
act_8---act_14	0	0	0	0	0	0	0	0	0	2	0	0	12
act_8---act_15	0	0	0	0	0	0	0	0	0	0	0	12	0
act_8---act_16	12	1	17	12	0	24	12	12	0	12	0	0	6
act_8---act_18	12	0	0	0	0	0	0	0	0	0	0	0	0
act_8---act_2	36	0	16	44	12	0	0	27	21	23	25	4	68
act_8---act_4	0	0	0	0	12	0	0	0	0	0	6	6	0
act_8---act_5	84	36	18	12	27	69	65	16	79	44	12	24	108
act_8---act_6	0	0	0	0	12	0	0	0	11	1	0	0	36
act_8---act_8	0	0	2	13	0	0	0	0	12	0	6	0	36
act_8---act_9	0	0	0	0	12	0	0	0	0	0	0	0	12
act_9---act_1	232	192	179	150	240	186	130	138	147	83	85	123	493
act_9---act_10	69	39	12	0	9	15	18	12	36	0	24	12	36
act_9---act_11	18	0	12	0	0	12	12	0	0	0	0	0	0
act_9---act_12	0	0	0	0	0	0	6	6	0	0	0	0	0
act_9---act_13	0	17	7	0	0	0	0	0	0	0	0	0	0
act_9---act_14	0	0	0	0	0	0	0	0	0	0	0	4	0
act_9---act_16	29	29	20	30	18	24	0	6	7	3	0	4	60
act_9---act_18	12	0	9	3	0	0	0	0	0	0	0	0	12
act_9---act_2	24	0	24	24	0	24	0	24	13	47	22	10	16
act_9---act_3	0	0	12	0	0	0	0	0	0	0	0	0	0
act_9---act_5	102	118	72	26	68	83	88	108	83	89	74	67	224
act_9---act_6	34	24	67	51	0	6	31	43	54	46	18	0	103
act_9---act_7	12	18	48	0	30	46	36	15	37	12	11	49	43
act_9---act_8	12	13	50	18	12	10	30	42	18	30	24	0	84
act_9---act_9	4	12	29	1	13	23	12	0	0	12	0	24	36

average leg duration: 2297.8489967981945 seconds = 00:38:17
